Sudoku Level: 3

0 0 3  | 0 0 0  | 0 2 0
0 0 0  | 0 0 0  | 0 0 0
0 0 0  | 0 8 1  | 0 6 0
-----------------------
0 9 7  | 0 0 0  | 0 0 0
0 0 0  | 6 3 2  | 0 0 0
0 6 0  | 0 0 0  | 2 8 0
-----------------------
0 2 0  | 0 4 0  | 0 0 0
5 0 0  | 0 0 0  | 0 0 2
4 0 9  | 0 0 8  | 0 0 0








SOLVED BOARD

1 4 3  | 5 6 7  | 8 2 9
6 5 8  | 2 9 3  | 1 4 7
9 7 2  | 4 8 1  | 3 6 5
-----------------------
2 9 7  | 8 1 4  | 6 5 3
8 1 5  | 6 3 2  | 7 9 4
3 6 4  | 7 5 9  | 2 8 1
-----------------------
7 2 6  | 3 4 5  | 9 1 8
5 8 1  | 9 7 6  | 4 3 2
4 3 9  | 1 2 8  | 5 7 6
